-0.99992807128507     0.0001845900974633885 
-0.9996210312809364     0.0004296466304531295 
-0.9990687218731522     0.0006749606344770366 
-0.9982711559489108     0.0009201404593395246 
-0.9972285142833798     0.001165100714758009 
-0.9959410492610112     0.001409776827452502 
-0.9944090757657015     0.001654107552313927 
-0.9926329694171897     0.001898032504939978 
-0.9906131660306736     0.002141491639440377 
-0.9883501613607613     0.002384425112005554 
-0.9858445109217865     0.002626773244517283 
-0.9830968298260957     0.00286847651946989 
-0.9801077926209241     0.003109475586102275 
-0.9768781331165663     0.003349711271034666 
-0.9734086442028307     0.003589124590810884 
-0.9697001776524374     0.003827656765345014 
-0.9657536439107448     0.004065249231775796 
-0.9615700118715107     0.004301843658514187 
-0.9571503086385662     0.004537381959358446 
-0.9524956192733551     0.004771806307640696 
-0.9476070865283424     0.00500505915033884 
-0.9424859105663231     0.005237083222156161 
-0.9371333486656785     0.005467821559549255 
-0.931550714911637     0.005697217514689161 
-0.9257393798736082     0.005925214769350814 
-0.9197007702686635     0.006151757348732571 
-0.913436368611241     0.006376789635183326 
-0.9069477128491588     0.006600256381862038 
-0.9002363959860233     0.00682210272628575 
-0.8933040656901265     0.007042274203801322 
-0.8861524238899228     0.007260716760958291 
-0.8787832263561882     0.007477376768766887 
-0.8711982822709634     0.007692201035873532 
-0.8633994537833832     0.007905136821610263 
-0.8553886555525035     0.008116131848949456 
-0.8471678542772394     0.008325134317331662 
-0.8387390682135252     0.008532092915386539 
-0.8301043666788193     0.008736956833526155 
-0.8212658695440718     0.008939675776422863 
-0.8122257467132832     0.009140199975352023 
-0.8029862175907783     0.009338480200414266 
-0.7935495505363276     0.009534467772619952 
-0.7839180623082516     0.009728114575840972 
-0.7740941174946421     0.009919373068619557 
-0.7640801279328391     0.01010819629584779 
-0.7538785521173134     0.01029453790028529 
-0.7434918945960871     0.01047835213395035 
-0.7329227053558545     0.01065959386934241 
-0.7221735791959438     0.01083821861052689 
-0.711247155091278     0.01101418250405627 
-0.7001461155444901     0.01118744234973846 
-0.6888731859273538     0.01135795561124033 
-0.6774311338116865     0.01152568042653209 
-0.665822768289895     0.01169057561816511 
-0.6540509392853255     0.01185260070337938 
-0.642118536852591     0.01201171590404401 
-0.6300284904680444     0.01216788215642223 
-0.6177837683105758     0.01232106112076129 
-0.605387376532905     0.01247121519070681 
-0.5928423585235543     0.01261830750253303 
-0.580151794159678     0.01276230194419477 
-0.5673187990509334     0.01290316316419247 
-0.5543465237745808     0.01304085658025157 
-0.5412381531019974     0.01317534838781158 
-0.5279969052167963     0.01330660556832767 
-0.5146260309247439     0.01343459589737389 
-0.5011288128556673     0.01355928795255668 
-0.4875085646575488     0.01368065112122833 
-0.4737686301830054     0.01379865560800288 
-0.4599123826683533     0.013913272442071 
-0.4459432239054577     0.01402447348431186 
-0.4318645834065725     0.01413223143420274 
-0.4176799175623748     0.01423651983652046 
-0.4033927087934001     0.01433731308783668 
-0.3890064646950866     0.01443458644280367 
-0.3745247171766407     0.01452831602022895 
-0.3599510215939307     0.01461847880893909 
-0.3452889558766266     0.01470505267342867 
-0.3305421196497966     0.01478801635929444 
-0.3157141333501772     0.01486734949845413 
-0.3008086373373349     0.01494303261414589 
-0.2858292909999354     0.01501504712571116 
-0.2707797718573425     0.01508337535315508 
-0.2556637746567643     0.01514800052148793 
-0.2404850104661709     0.01520890676484345 
-0.2252472057632051     0.0152660791303734 
-0.2099541015203097     0.01531950358191917 
-0.1946094522862959     0.01536916700345743 
-0.1792170252645799     0.01541505720232017 
-0.1637805993883111     0.01545716291218853 
-0.1483039643926214     0.01549547379585789 
-0.1327909198842234     0.01552998044777672 
-0.1172452744085826     0.01556067439635497 
-0.101670844514898     0.01558754810604408 
-0.08607145381911607     0.0156105949791871 
-0.07045093206520936     0.01562980935763856 
-0.05481311418495231     0.01564518652415322 
-0.03916183935642231     0.01565672270354442 
-0.0235009500614577     0.01566441506361098 
-0.007834291142306401     0.01566826171583235 
0.007834291142306401     0.01566826171583235 
0.0235009500614577     0.01566441506361098 
0.03916183935642231     0.01565672270354442 
0.05481311418495231     0.01564518652415322 
0.07045093206520936     0.01562980935763856 
0.08607145381911607     0.0156105949791871 
0.101670844514898     0.01558754810604408 
0.1172452744085826     0.01556067439635497 
0.1327909198842234     0.01552998044777672 
0.1483039643926214     0.01549547379585789 
0.1637805993883111     0.01545716291218853 
0.1792170252645799     0.01541505720232017 
0.1946094522862959     0.01536916700345743 
0.2099541015203097     0.01531950358191917 
0.2252472057632051     0.0152660791303734 
0.2404850104661709     0.01520890676484345 
0.2556637746567643     0.01514800052148793 
0.2707797718573425     0.01508337535315508 
0.2858292909999354     0.01501504712571116 
0.3008086373373349     0.01494303261414589 
0.3157141333501772     0.01486734949845413 
0.3305421196497966     0.01478801635929444 
0.3452889558766266     0.01470505267342867 
0.3599510215939307     0.01461847880893909 
0.3745247171766407     0.01452831602022895 
0.3890064646950866     0.01443458644280367 
0.4033927087934001     0.01433731308783668 
0.4176799175623748     0.01423651983652046 
0.4318645834065725     0.01413223143420274 
0.4459432239054577     0.01402447348431186 
0.4599123826683533     0.013913272442071 
0.4737686301830054     0.01379865560800288 
0.4875085646575488     0.01368065112122833 
0.5011288128556673     0.01355928795255668 
0.5146260309247439     0.01343459589737389 
0.5279969052167963     0.01330660556832767 
0.5412381531019974     0.01317534838781158 
0.5543465237745808     0.01304085658025157 
0.5673187990509334     0.01290316316419247 
0.580151794159678     0.01276230194419477 
0.5928423585235543     0.01261830750253303 
0.605387376532905     0.01247121519070681 
0.6177837683105758     0.01232106112076129 
0.6300284904680444     0.01216788215642223 
0.642118536852591     0.01201171590404401 
0.6540509392853255     0.01185260070337938 
0.665822768289895     0.01169057561816511 
0.6774311338116865     0.01152568042653209 
0.6888731859273538     0.01135795561124033 
0.7001461155444901     0.01118744234973846 
0.711247155091278     0.01101418250405627 
0.7221735791959438     0.01083821861052689 
0.7329227053558545     0.01065959386934241 
0.7434918945960871     0.01047835213395035 
0.7538785521173134     0.01029453790028529 
0.7640801279328391     0.01010819629584779 
0.7740941174946421     0.009919373068619557 
0.7839180623082516     0.009728114575840972 
0.7935495505363276     0.009534467772619952 
0.8029862175907783     0.009338480200414266 
0.8122257467132832     0.009140199975352023 
0.8212658695440718     0.008939675776422863 
0.8301043666788193     0.008736956833526155 
0.8387390682135252     0.008532092915386539 
0.8471678542772394     0.008325134317331662 
0.8553886555525035     0.008116131848949456 
0.8633994537833832     0.007905136821610263 
0.8711982822709634     0.007692201035873532 
0.8787832263561882     0.007477376768766887 
0.8861524238899228     0.007260716760958291 
0.8933040656901265     0.007042274203801322 
0.9002363959860233     0.00682210272628575 
0.9069477128491588     0.006600256381862038 
0.913436368611241     0.006376789635183326 
0.9197007702686635     0.006151757348732571 
0.9257393798736082     0.005925214769350814 
0.931550714911637     0.005697217514689161 
0.9371333486656785     0.005467821559549255 
0.9424859105663231     0.005237083222156161 
0.9476070865283424     0.00500505915033884 
0.9524956192733551     0.004771806307640696 
0.9571503086385662     0.004537381959358446 
0.9615700118715107     0.004301843658514187 
0.9657536439107448     0.004065249231775796 
0.9697001776524374     0.003827656765345014 
0.9734086442028307     0.003589124590810884 
0.9768781331165663     0.003349711271034666 
0.9801077926209241     0.003109475586102275 
0.9830968298260957     0.00286847651946989 
0.9858445109217865     0.002626773244517283 
0.9883501613607613     0.002384425112005554 
0.9906131660306736     0.002141491639440377 
0.9926329694171897     0.001898032504939978 
0.9944090757657015     0.001654107552313927 
0.9959410492610112     0.001409776827452502 
0.9972285142833798     0.001165100714758009 
0.9982711559489108     0.0009201404593395246 
0.9990687218731522     0.0006749606344770366 
0.9996210312809364     0.0004296466304531295 
0.99992807128507     0.0001845900974633885 
