-0.9931285991850949     0.01761400713915269 
-0.9639719272779137     0.04060142980038748 
-0.9122344282513259     0.06267204833410933 
-0.8391169718222189     0.08327674157670427 
-0.7463319064601508     0.1019301198172403 
-0.6360536807265149     0.1181945319615184 
-0.510867001950827     0.1316886384491764 
-0.3737060887154195     0.1420961093183818 
-0.227785851141645     0.1491729864726036 
-0.0765265211334973     0.1527533871307256 
0.0765265211334973     0.1527533871307256 
0.227785851141645     0.1491729864726036 
0.3737060887154195     0.1420961093183818 
0.510867001950827     0.1316886384491764 
0.6360536807265149     0.1181945319615184 
0.7463319064601508     0.1019301198172403 
0.8391169718222189     0.08327674157670427 
0.9122344282513259     0.06267204833410933 
0.9639719272779137     0.04060142980038748 
0.9931285991850949     0.01761400713915269 
