-0.9994927755360354     0.001301591717376205 
-0.9973284289622317     0.003027671014606452 
-0.9934385365788927     0.004751069185015376 
-0.9878289667675244     0.006466464907038441 
-0.9805093245974166     0.008170710707328102 
-0.9714922563430639     0.009860824916113455 
-0.9607933637418924     0.01153387332830425 
-0.9484311650792874     0.01318695676282482 
-0.9344270599641071     0.01481721228981458 
-0.9188052912283939     0.01642181711902404 
-0.9015929025484464     0.01799799312564482 
-0.8828196914478955     0.01954301152012834 
-0.8625181576268834     0.02105419751228327 
-0.840723446654958     0.02252893491386582 
-0.8174732891035413     0.02396467065371708 
-0.7928079352135635     0.02535891919021577 
-0.7667700852066419     0.0267092668101209 
-0.7394048153580324     0.02801337580478082 
-0.7107594999580411     0.02926898851572608 
-0.6808837292962695     0.03047393124221457 
-0.6498292238102622     0.03162611800374947 
-0.617649744546926     0.03272355415093409 
-0.5844010000915779     0.0337643398183338 
-0.5501405501256456     0.03474667321333033 
-0.5149277057799166     0.03566885373524042 
-0.4788234269558032     0.03652928491929024 
-0.4418902167923483     0.03732647720033198 
-0.4041920134616537     0.03805905049151342 
-0.3657940794800358     0.0387257365734326 
-0.3267628887265263     0.03932538128963516 
-0.2871660113642973     0.03985694654465621 
-0.2470719968642348     0.04031951210114144 
-0.2065502553331596     0.0407122771729373 
-0.1656709373521379     0.04103456181139196 
-0.1245048125329003     0.04128580808246716 
-0.08312314700261098     0.04146558103261905 
-0.04159758002907946     0.04157356944178121 
0.0     0.04160958636214131 
0.04159758002907946     0.04157356944178121 
0.08312314700261098     0.04146558103261905 
0.1245048125329003     0.04128580808246716 
0.1656709373521379     0.04103456181139196 
0.2065502553331596     0.0407122771729373 
0.2470719968642348     0.04031951210114144 
0.2871660113642973     0.03985694654465621 
0.3267628887265263     0.03932538128963516 
0.3657940794800358     0.0387257365734326 
0.4041920134616537     0.03805905049151342 
0.4418902167923483     0.03732647720033198 
0.4788234269558032     0.03652928491929024 
0.5149277057799166     0.03566885373524042 
0.5501405501256456     0.03474667321333033 
0.5844010000915779     0.0337643398183338 
0.617649744546926     0.03272355415093409 
0.6498292238102622     0.03162611800374947 
0.6808837292962695     0.03047393124221457 
0.7107594999580411     0.02926898851572608 
0.7394048153580324     0.02801337580478082 
0.7667700852066419     0.0267092668101209 
0.7928079352135635     0.02535891919021577 
0.8174732891035413     0.02396467065371708 
0.840723446654958     0.02252893491386582 
0.8625181576268834     0.02105419751228327 
0.8828196914478955     0.01954301152012834 
0.9015929025484464     0.01799799312564482 
0.9188052912283939     0.01642181711902404 
0.9344270599641071     0.01481721228981458 
0.9484311650792874     0.01318695676282482 
0.9607933637418924     0.01153387332830425 
0.9714922563430639     0.009860824916113455 
0.9805093245974166     0.008170710707328102 
0.9878289667675244     0.006466464907038441 
0.9934385365788927     0.004751069185015376 
0.9973284289622317     0.003027671014606452 
0.9994927755360354     0.001301591717376205 
