-0.998866404420071     0.002908622553150225 
-0.9940319694320907     0.006759799195744692 
-0.9853540840480057     0.01059054838365259 
-0.972864385106692     0.01438082276148732 
-0.9566109552428079     0.01811556071348955 
-0.936656618944878     0.02178024317012367 
-0.9130785566557917     0.02536067357001322 
-0.8859679795236131     0.02884299358053525 
-0.8554297694299462     0.03221372822357794 
-0.821582070859336     0.03545983561514606 
-0.7845558329003992     0.03856875661258747 
-0.7444943022260685     0.04152846309014783 
-0.7015524687068223     0.04432750433880346 
-0.6558964656854394     0.04695505130394863 
-0.6077029271849502     0.04940093844946641 
-0.5571583045146501     0.05165570306958118 
-0.5044581449074641     0.05371062188899653 
-0.4498063349740388     0.05555774480621284 
-0.3934143118975651     0.05718992564772871 
-0.3355002454194374     0.05860084981322269 
-0.2762881937795321     0.05978505870426555 
-0.2160072368760418     0.06073797084177046 
-0.1548905899981459     0.06145589959031682 
-0.09317470156008616     0.06193606742068354 
-0.03109833832718883     0.06217661665534747 
0.03109833832718883     0.06217661665534747 
0.09317470156008616     0.06193606742068354 
0.1548905899981459     0.06145589959031682 
0.2160072368760418     0.06073797084177046 
0.2762881937795321     0.05978505870426555 
0.3355002454194374     0.05860084981322269 
0.3934143118975651     0.05718992564772871 
0.4498063349740388     0.05555774480621284 
0.5044581449074641     0.05371062188899653 
0.5571583045146501     0.05165570306958118 
0.6077029271849502     0.04940093844946641 
0.6558964656854394     0.04695505130394863 
0.7015524687068223     0.04432750433880346 
0.7444943022260685     0.04152846309014783 
0.7845558329003992     0.03856875661258747 
0.821582070859336     0.03545983561514606 
0.8554297694299462     0.03221372822357794 
0.8859679795236131     0.02884299358053525 
0.9130785566557917     0.02536067357001322 
0.936656618944878     0.02178024317012367 
0.9566109552428079     0.01811556071348955 
0.972864385106692     0.01438082276148732 
0.9853540840480057     0.01059054838365259 
0.9940319694320907     0.006759799195744692 
0.998866404420071     0.002908622553150225 
