-0.9998723404457334     0.0003276086705623673 
-0.9993274305065947     0.0007624720932246815 
-0.9983473449340834     0.001197647486468117 
-0.9969322929775997     0.001632356998608674 
-0.995082864525529     0.002066366492413127 
-0.9927998590434373     0.002499478988894003 
-0.9900842691660192     0.002931503683655077 
-0.9869372772712794     0.003362251623677631 
-0.9833602541697529     0.003791534836343959 
-0.9793547582425894     0.004219166142991159 
-0.9749225346595942     0.004644959149796355 
-0.9700655145738373     0.005068728293946109 
-0.9647858142586956     0.005490288909448802 
-0.9590857341746905     0.005909457300589908 
-0.9529677579610971     0.006326050818470064 
-0.9464345513503147     0.006739887938743442 
-0.9394889610042837     0.007150788339685734 
-0.9321340132728527     0.007558572980178188 
-0.9243729128743134     0.007963064177363467 
-0.9162090414984952     0.008364085683847453 
-0.9076459563329236     0.008761462764357774 
-0.8986873885126239     0.009155022271788169 
-0.8893372414942053     0.00954459272258527 
-0.8795995893549102     0.009930004371421022 
-0.8694786750173527     0.01031108928513592 
-0.8589789084007133     0.01068768141588395 
-0.8481048644991847     0.01105961667347358 
-0.8368612813885015     0.01142673299685233 
-0.825253058161423     0.01178887042471864 
-0.8132852527930605     0.01214587116520666 
-0.8009630799369827     0.01249757966464491 
-0.7882919086530553     0.01284384267532457 
-0.7752772600680049     0.01318450932227546 
-0.7619248049697269     0.01351943116899991 
-0.7482403613363824     0.0138484622821525 
-0.7342298918013638     0.01417145929512186 
-0.7198995010552305     0.01448828147050167 
-0.7052554331857488     0.01479879076140864 
-0.6903040689571928     0.01510285187163543 
-0.6750519230300931     0.01540033231459998 
-0.6595056411226443     0.01569110247107477 
-0.6436719971150083     0.01597503564566118 
-0.6275578900977725     0.01625200812199787 
-0.6111703413658551     0.01652189921666214 
-0.594516491359159     0.01678459133175786 
-0.5776035965513142     0.01703997000615454 
-0.5604390262878617     0.0172879239653582 
-0.5430302595752547     0.01752834517000133 
-0.5253848818220803     0.01776112886291246 
-0.5075105815339176     0.01798617361476501 
-0.4894151469632753     0.0182033813682715 
-0.4711064627160663     0.01841265748090756 
-0.4525925063160997     0.01861391076615326 
-0.4338813447290861     0.01880705353322194 
-0.4149811308476706     0.01899200162527108 
-0.3959000999390256     0.01916867445607047 
-0.3766465660565522     0.01933699504511592 
-0.3572289184172501     0.01949689005117133 
-0.33765561774634     0.01964828980422538 
-0.3179351925907259     0.01979112833584795 
-0.2980762356029072     0.01992534340793405 
-0.2780873997969574     0.02005087653982335 
-0.2579773947782035     0.02016767303378029 
-0.2377549829482451     0.02027568199882819 
-0.2174289756869711     0.02037485637292296 
-0.1970082295132341     0.02046515294345964 
-0.1765016422258567     0.02054653236610058 
-0.1559181490266515     0.02061895918191932 
-0.1352667186271445     0.02068240183285043 
-0.1145563493406956     0.02073683267544025 
-0.0937960651617229     0.02078222799289151 
-0.07299491183373588     0.02081856800539801 
-0.0521619529078925     0.02084583687876239 
-0.0313062657937971     0.02086402273129581 
-0.01043693780425978     0.02087311763899501 
0.01043693780425978     0.02087311763899501 
0.0313062657937971     0.02086402273129581 
0.0521619529078925     0.02084583687876239 
0.07299491183373588     0.02081856800539801 
0.0937960651617229     0.02078222799289151 
0.1145563493406956     0.02073683267544025 
0.1352667186271445     0.02068240183285043 
0.1559181490266515     0.02061895918191932 
0.1765016422258567     0.02054653236610058 
0.1970082295132341     0.02046515294345964 
0.2174289756869711     0.02037485637292296 
0.2377549829482451     0.02027568199882819 
0.2579773947782035     0.02016767303378029 
0.2780873997969574     0.02005087653982335 
0.2980762356029072     0.01992534340793405 
0.3179351925907259     0.01979112833584795 
0.33765561774634     0.01964828980422538 
0.3572289184172501     0.01949689005117133 
0.3766465660565522     0.01933699504511592 
0.3959000999390256     0.01916867445607047 
0.4149811308476706     0.01899200162527108 
0.4338813447290861     0.01880705353322194 
0.4525925063160997     0.01861391076615326 
0.4711064627160663     0.01841265748090756 
0.4894151469632753     0.0182033813682715 
0.5075105815339176     0.01798617361476501 
0.5253848818220803     0.01776112886291246 
0.5430302595752547     0.01752834517000133 
0.5604390262878617     0.0172879239653582 
0.5776035965513142     0.01703997000615454 
0.594516491359159     0.01678459133175786 
0.6111703413658551     0.01652189921666214 
0.6275578900977725     0.01625200812199787 
0.6436719971150083     0.01597503564566118 
0.6595056411226443     0.01569110247107477 
0.6750519230300931     0.01540033231459998 
0.6903040689571928     0.01510285187163543 
0.7052554331857488     0.01479879076140864 
0.7198995010552305     0.01448828147050167 
0.7342298918013638     0.01417145929512186 
0.7482403613363824     0.0138484622821525 
0.7619248049697269     0.01351943116899991 
0.7752772600680049     0.01318450932227546 
0.7882919086530553     0.01284384267532457 
0.8009630799369827     0.01249757966464491 
0.8132852527930605     0.01214587116520666 
0.825253058161423     0.01178887042471864 
0.8368612813885015     0.01142673299685233 
0.8481048644991847     0.01105961667347358 
0.8589789084007133     0.01068768141588395 
0.8694786750173527     0.01031108928513592 
0.8795995893549102     0.009930004371421022 
0.8893372414942053     0.00954459272258527 
0.8986873885126239     0.009155022271788169 
0.9076459563329236     0.008761462764357774 
0.9162090414984952     0.008364085683847453 
0.9243729128743134     0.007963064177363467 
0.9321340132728527     0.007558572980178188 
0.9394889610042837     0.007150788339685734 
0.9464345513503147     0.006739887938743442 
0.9529677579610971     0.006326050818470064 
0.9590857341746905     0.005909457300589908 
0.9647858142586956     0.005490288909448802 
0.9700655145738373     0.005068728293946109 
0.9749225346595942     0.004644959149796355 
0.9793547582425894     0.004219166142991159 
0.9833602541697529     0.003791534836343959 
0.9869372772712794     0.003362251623677631 
0.9900842691660192     0.002931503683655077 
0.9927998590434373     0.002499478988894003 
0.995082864525529     0.002066366492413127 
0.9969322929775997     0.001632356998608674 
0.9983473449340834     0.001197647486468117 
0.9993274305065947     0.0007624720932246815 
0.9998723404457334     0.0003276086705623673 
