-0.9999539194356422     0.0001182567006615067 
-0.999757212211589     0.0002752610386584156 
-0.9994033532930161     0.000432454600596473 
-0.9988923197258543     0.0005896003421896124 
-0.9982241822569129     0.0007466574055680351 
-0.9973990436722557     0.0009035982480643991 
-0.9964170329848294     0.001060397432639301 
-0.9952783043339364     0.001217030041596652 
-0.9939830366739069     0.001373471336427111 
-0.992531433650476     0.001529696664926837 
-0.9909237235316215     0.00168568143231826 
-0.9891601591554368     0.001841401092482117 
-0.9872410178826077     0.001996831146405457 
-0.9851666015488034     0.002151947143492533 
-0.9829372364150317     0.002306724684154176 
-0.9805532731150799     0.002461139422978838 
-0.9780150865996247     0.00261516707219078 
-0.975323076076799     0.002768783405262483 
-0.9724776649491127     0.002921964260586812 
-0.969479300746664     0.003074685545212083 
-0.9663284550566241     0.003226923238570904 
-0.9630256234489749     0.003378653396234139 
-0.9595713253985039     0.003529852153645032 
-0.9559661042030545     0.003680495729865784 
-0.9522105268980448     0.003830560431308667 
-0.9483051841672582     0.003980022655449723 
-0.9442506902499229     0.004128858894541391 
-0.94004768284409     0.004277045739298459 
-0.9356968230063247     0.004424559882588752 
-0.931198795047727     0.004571378123086301 
-0.9265543064262952     0.004717477368924938 
-0.9217640876356519     0.004862834641329336 
-0.9168288920901461     0.005007427078220064 
-0.911749496006352     0.005151231937822454 
-0.9065266982809824     0.005294226602231154 
-0.901161320365234     0.005436388580973517 
-0.8956542061355872     0.005577695514543364 
-0.8900062217610779     0.005718125177919788 
-0.8842182555670643     0.005857655484060411 
-0.8782912178955077     0.005996264487377441 
-0.8722260409617926     0.006133930387187379 
-0.866023678708105     0.006270631531139116 
-0.8596851066533939     0.006406346418622789 
-0.8532113217399399     0.006541053704147573 
-0.8466033421765535     0.006674732200701037 
-0.8398622072784296     0.006807360883081825 
-0.8329889773036814     0.006938918891202884 
-0.8259847332865807     0.007069385533376862 
-0.818850576867531     0.007198740289570061 
-0.8115876301197993     0.007326962814624634 
-0.804197035373034     0.007454032941465267 
-0.796679955033597     0.007579930684267665 
-0.7890375714017385     0.007704636241601431 
-0.7812710864856423     0.007828129999545446 
-0.7733817218123715     0.007950392534773641 
-0.7653707182357452     0.008071404617608108 
-0.7572393357411735     0.008191147215044809 
-0.7489888532474854     0.008309601493747258 
-0.7406205684057781     0.008426748823006466 
-0.7321357973953189     0.008542570777675146 
-0.7235358747165359     0.00865704914106215 
-0.7148221529811237     0.008770165907799601 
-0.7059960026993028     0.008881903286672151 
-0.6970588120642633     0.008992243703419646 
-0.6880119867338267     0.00910116980349661 
-0.6788569496093619     0.009208664454805513 
-0.6695951406119884     0.009314710750389841 
-0.6602280164561034     0.009419292011091599 
-0.6507570504202663     0.009522391788177768 
-0.641183732115479     0.009623993865924756 
-0.6315095672508972     0.009724082264169497 
-0.6217360773970098     0.009822641240824903 
-0.6118647997463229     0.009919655294353369 
-0.6018972868715882     0.0100151091662057 
-0.5918351064816105     0.01010898784322005 
-0.5816798411746766     0.01020127655998508 
-0.5714330881896406     0.01029196080116169 
-0.561096459154707     0.01038102630376468 
-0.550671579833952     0.01046845905940743 
-0.5401600898716189     0.01055424531650477 
-0.5295636425342327     0.01063837158243643 
-0.5188839044505714     0.01072082462566708 
-0.5081225553495348     0.01080159147783114 
-0.4972812877959542     0.01088065943576845 
-0.4863618069243825     0.01095801606352498 
-0.4753658301709076     0.01103364919430767 
-0.464295087003031     0.0111075469323981 
-0.4531513186476533     0.01117969765502366 
-0.441936277817212     0.01125009001418523 
-0.4306517284340102     0.01131871293844336 
-0.4192994453527846     0.01138555563465791 
-0.4078812140815535     0.01145060758968564 
-0.3963988305007872     0.01151385857203578 
-0.3848541005809502     0.01157529863347699 
-0.3732488400984538     0.01163491811060295 
-0.3615848743500685     0.01169270762635233 
-0.3498640378658366     0.01174865809148343 
-0.338088174120535     0.01180276070600412 
-0.3262591352437294     0.01185500696055549 
-0.3143787817284689     0.01190538863774983 
-0.3024489821386629     0.01195389781346425 
-0.2904716128151908     0.0120005268580863 
-0.2784485575807878     0.01204526843771346 
-0.2663817074437529     0.01208811551530793 
-0.2542729603005286     0.01212906135180207 
-0.2421242206371956     0.01216809950715931 
-0.2299373992299318     0.01220522384138654 
-0.2177144128444824     0.01224042851550008 
-0.2054571839346866     0.01227370799244373 
-0.1931676403401115     0.01230505703796007 
-0.180847714982837     0.01233447072141335 
-0.1684993455634429     0.01236194441656515 
-0.1561244742562434     0.01238747380230219 
-0.1437250474038187     0.01241105486331534 
-0.1313030152108903     0.01243268389073206 
-0.1188603314375892     0.0124523574826989 
-0.1063989530921654     0.01247007254491707 
-0.09392084012318533     0.01248582629112893 
-0.08142795511126817     0.0124996162435562 
-0.06892226296040713     0.01251144023328974 
-0.0564057305889258     0.01252129640063061 
-0.04388032662011782     0.01252918319538268 
-0.03134802107261776     0.01253509937709624 
-0.01881078505055346     0.01253904401526342 
-0.006270590433526915     0.01254101648946417 
0.006270590433526915     0.01254101648946417 
0.01881078505055346     0.01253904401526342 
0.03134802107261776     0.01253509937709624 
0.04388032662011782     0.01252918319538268 
0.0564057305889258     0.01252129640063061 
0.06892226296040713     0.01251144023328974 
0.08142795511126817     0.0124996162435562 
0.09392084012318533     0.01248582629112893 
0.1063989530921654     0.01247007254491707 
0.1188603314375892     0.0124523574826989 
0.1313030152108903     0.01243268389073206 
0.1437250474038187     0.01241105486331534 
0.1561244742562434     0.01238747380230219 
0.1684993455634429     0.01236194441656515 
0.180847714982837     0.01233447072141335 
0.1931676403401115     0.01230505703796007 
0.2054571839346866     0.01227370799244373 
0.2177144128444824     0.01224042851550008 
0.2299373992299318     0.01220522384138654 
0.2421242206371956     0.01216809950715931 
0.2542729603005286     0.01212906135180207 
0.2663817074437529     0.01208811551530793 
0.2784485575807878     0.01204526843771346 
0.2904716128151908     0.0120005268580863 
0.3024489821386629     0.01195389781346425 
0.3143787817284689     0.01190538863774983 
0.3262591352437294     0.01185500696055549 
0.338088174120535     0.01180276070600412 
0.3498640378658366     0.01174865809148343 
0.3615848743500685     0.01169270762635233 
0.3732488400984538     0.01163491811060295 
0.3848541005809502     0.01157529863347699 
0.3963988305007872     0.01151385857203578 
0.4078812140815535     0.01145060758968564 
0.4192994453527846     0.01138555563465791 
0.4306517284340102     0.01131871293844336 
0.441936277817212     0.01125009001418523 
0.4531513186476533     0.01117969765502366 
0.464295087003031     0.0111075469323981 
0.4753658301709076     0.01103364919430767 
0.4863618069243825     0.01095801606352498 
0.4972812877959542     0.01088065943576845 
0.5081225553495348     0.01080159147783114 
0.5188839044505714     0.01072082462566708 
0.5295636425342327     0.01063837158243643 
0.5401600898716189     0.01055424531650477 
0.550671579833952     0.01046845905940743 
0.561096459154707     0.01038102630376468 
0.5714330881896406     0.01029196080116169 
0.5816798411746766     0.01020127655998508 
0.5918351064816105     0.01010898784322005 
0.6018972868715882     0.0100151091662057 
0.6118647997463229     0.009919655294353369 
0.6217360773970098     0.009822641240824903 
0.6315095672508972     0.009724082264169497 
0.641183732115479     0.009623993865924756 
0.6507570504202663     0.009522391788177768 
0.6602280164561034     0.009419292011091599 
0.6695951406119884     0.009314710750389841 
0.6788569496093619     0.009208664454805513 
0.6880119867338267     0.00910116980349661 
0.6970588120642633     0.008992243703419646 
0.7059960026993028     0.008881903286672151 
0.7148221529811237     0.008770165907799601 
0.7235358747165359     0.00865704914106215 
0.7321357973953189     0.008542570777675146 
0.7406205684057781     0.008426748823006466 
0.7489888532474854     0.008309601493747258 
0.7572393357411735     0.008191147215044809 
0.7653707182357452     0.008071404617608108 
0.7733817218123715     0.007950392534773641 
0.7812710864856423     0.007828129999545446 
0.7890375714017385     0.007704636241601431 
0.796679955033597     0.007579930684267665 
0.804197035373034     0.007454032941465267 
0.8115876301197993     0.007326962814624634 
0.818850576867531     0.007198740289570061 
0.8259847332865807     0.007069385533376862 
0.8329889773036814     0.006938918891202884 
0.8398622072784296     0.006807360883081825 
0.8466033421765535     0.006674732200701037 
0.8532113217399399     0.006541053704147573 
0.8596851066533939     0.006406346418622789 
0.866023678708105     0.006270631531139116 
0.8722260409617926     0.006133930387187379 
0.8782912178955077     0.005996264487377441 
0.8842182555670643     0.005857655484060411 
0.8900062217610779     0.005718125177919788 
0.8956542061355872     0.005577695514543364 
0.901161320365234     0.005436388580973517 
0.9065266982809824     0.005294226602231154 
0.911749496006352     0.005151231937822454 
0.9168288920901461     0.005007427078220064 
0.9217640876356519     0.004862834641329336 
0.9265543064262952     0.004717477368924938 
0.931198795047727     0.004571378123086301 
0.9356968230063247     0.004424559882588752 
0.94004768284409     0.004277045739298459 
0.9442506902499229     0.004128858894541391 
0.9483051841672582     0.003980022655449723 
0.9522105268980448     0.003830560431308667 
0.9559661042030545     0.003680495729865784 
0.9595713253985039     0.003529852153645032 
0.9630256234489749     0.003378653396234139 
0.9663284550566241     0.003226923238570904 
0.969479300746664     0.003074685545212083 
0.9724776649491127     0.002921964260586812 
0.975323076076799     0.002768783405262483 
0.9780150865996247     0.00261516707219078 
0.9805532731150799     0.002461139422978838 
0.9829372364150317     0.002306724684154176 
0.9851666015488034     0.002151947143492533 
0.9872410178826077     0.001996831146405457 
0.9891601591554368     0.001841401092482117 
0.9909237235316215     0.00168568143231826 
0.992531433650476     0.001529696664926837 
0.9939830366739069     0.001373471336427111 
0.9952783043339364     0.001217030041596652 
0.9964170329848294     0.001060397432639301 
0.9973990436722557     0.0009035982480643991 
0.9982241822569129     0.0007466574055680351 
0.9988923197258543     0.0005896003421896124 
0.9994033532930161     0.000432454600596473 
0.999757212211589     0.0002752610386584156 
0.9999539194356422     0.0001182567006615067 
