-0.9997137267734412     0.00073463449051269 
-0.9984919506395959     0.001709392653514235 
-0.9962951347331253     0.0026839253715512 
-0.9931249370374433     0.003655961201328413 
-0.9889843952429918     0.004624450063421879 
-0.9838775407060572     0.005588428003864034 
-0.9778093584869183     0.006546948450844968 
-0.9707857757637064     0.007499073255464672 
-0.9628136542558157     0.008443871469668015 
-0.9539007829254917     0.009380419653694466 
-0.944055870136256     0.01030780257486857 
-0.9332885350430795     0.01122511402318626 
-0.921609298145334     0.01213145766297958 
-0.9090295709825296     0.01302594789297209 
-0.8955616449707271     0.01390771070371841 
-0.8812186793850183     0.0147758845274416 
-0.8660146884971647     0.01562962107754517 
-0.8499645278795913     0.01646808617614455 
-0.8330838798884008     0.01729046056832356 
-0.8153892383391761     0.01809594072212852 
-0.7968978923903145     0.01888373961337482 
-0.7776279096494955     0.01965308749443508 
-0.7575981185197072     0.02040323264620951 
-0.7368280898020207     0.02113344211252751 
-0.7153381175730564     0.02184300241624788 
-0.693149199355802     0.02253122025633607 
-0.670283015603141     0.02319742318525426 
-0.6467619085141292     0.02384096026596831 
-0.6226088602037078     0.02446120270795697 
-0.5978474702471787     0.02505754448157974 
-0.5725019326213812     0.02562940291020844 
-0.5465970120650943     0.02617621923954555 
-0.520158019881763     0.0266974591835711 
-0.4932107892081909     0.02719261344657683 
-0.4657816497733581     0.02766119822079251 
-0.4378974021720315     0.02810275565910117 
-0.4095852916783015     0.02851685432239511 
-0.38087298162463     0.02890308960112515 
-0.3517885263724216     0.02926108411063835 
-0.3223603439005291     0.02959048805991271 
-0.2926171880384719     0.02989097959333282 
-0.2625881203715035     0.03016226510516918 
-0.232302481844974     0.03040407952645477 
-0.2017898640957359     0.03061618658398053 
-0.1710800805386032     0.0307983790311526 
-0.1402031372361139     0.03095047885049098 
-0.1091892035800611     0.03107233742756652 
-0.07806858281343665     0.03116383569620994 
-0.0468716824215916     0.03122488425484938 
-0.01562898442154301     0.03125542345386335 
0.01562898442154301     0.03125542345386335 
0.0468716824215916     0.03122488425484938 
0.07806858281343665     0.03116383569620994 
0.1091892035800611     0.03107233742756652 
0.1402031372361139     0.03095047885049098 
0.1710800805386032     0.0307983790311526 
0.2017898640957359     0.03061618658398053 
0.232302481844974     0.03040407952645477 
0.2625881203715035     0.03016226510516918 
0.2926171880384719     0.02989097959333282 
0.3223603439005291     0.02959048805991271 
0.3517885263724216     0.02926108411063835 
0.38087298162463     0.02890308960112515 
0.4095852916783015     0.02851685432239511 
0.4378974021720315     0.02810275565910117 
0.4657816497733581     0.02766119822079251 
0.4932107892081909     0.02719261344657683 
0.520158019881763     0.0266974591835711 
0.5465970120650943     0.02617621923954555 
0.5725019326213812     0.02562940291020844 
0.5978474702471787     0.02505754448157974 
0.6226088602037078     0.02446120270795697 
0.6467619085141292     0.02384096026596831 
0.670283015603141     0.02319742318525426 
0.693149199355802     0.02253122025633607 
0.7153381175730564     0.02184300241624788 
0.7368280898020207     0.02113344211252751 
0.7575981185197072     0.02040323264620951 
0.7776279096494955     0.01965308749443508 
0.7968978923903145     0.01888373961337482 
0.8153892383391761     0.01809594072212852 
0.8330838798884008     0.01729046056832356 
0.8499645278795913     0.01646808617614455 
0.8660146884971647     0.01562962107754517 
0.8812186793850183     0.0147758845274416 
0.8955616449707271     0.01390771070371841 
0.9090295709825296     0.01302594789297209 
0.921609298145334     0.01213145766297958 
0.9332885350430795     0.01122511402318626 
0.944055870136256     0.01030780257486857 
0.9539007829254917     0.009380419653694466 
0.9628136542558157     0.008443871469668015 
0.9707857757637064     0.007499073255464672 
0.9778093584869183     0.006546948450844968 
0.9838775407060572     0.005588428003864034 
0.9889843952429918     0.004624450063421879 
0.9931249370374433     0.003655961201328413 
0.9962951347331253     0.0026839253715512 
0.9984919506395959     0.001709392653514235 
0.9997137267734412     0.00073463449051269 
