-0.9982377097105593     0.004521277098531465 
-0.9907262386994571     0.01049828453115278 
-0.9772599499837743     0.01642105838190665 
-0.9579168192137917     0.02224584919416763 
-0.9328128082786764     0.02793700698002402 
-0.9020988069688742     0.03346019528254805 
-0.8659595032122595     0.03878216797447206 
-0.8246122308333117     0.04387090818567319 
-0.7783056514265194     0.04869580763507223 
-0.7273182551899271     0.05322784698393695 
-0.6719566846141796     0.05743976909939165 
-0.6125538896679802     0.06130624249292919 
-0.5494671250951282     0.06480401345660142 
-0.4830758016861787     0.06791204581523408 
-0.413779204371605     0.07061164739128696 
-0.3419940908257585     0.07288658239580399 
-0.2681521850072537     0.0747231690579684 
-0.192697580701371     0.07611036190062641 
-0.1160840706752552     0.07703981816424807 
-0.03877241750605083     0.07750594797842486 
0.03877241750605083     0.07750594797842486 
0.1160840706752552     0.07703981816424807 
0.192697580701371     0.07611036190062641 
0.2681521850072537     0.0747231690579684 
0.3419940908257585     0.07288658239580399 
0.413779204371605     0.07061164739128696 
0.4830758016861787     0.06791204581523408 
0.5494671250951282     0.06480401345660142 
0.6125538896679802     0.06130624249292919 
0.6719566846141796     0.05743976909939165 
0.7273182551899271     0.05322784698393695 
0.7783056514265194     0.04869580763507223 
0.8246122308333117     0.04387090818567319 
0.8659595032122595     0.03878216797447206 
0.9020988069688742     0.03346019528254805 
0.9328128082786764     0.02793700698002402 
0.9579168192137917     0.02224584919416763 
0.9772599499837743     0.01642105838190665 
0.9907262386994571     0.01049828453115278 
0.9982377097105593     0.004521277098531465 
