-0.9968934840746495     0.007968192496170669 
-0.9836681232797471     0.01846646831109244 
-0.9600218649683077     0.02878470788332221 
-0.9262000474292743     0.03879919256962638 
-0.8825605357920527     0.04840267283059343 
-0.8295657623827684     0.05749315621761895 
-0.7677774321048262     0.06597422988218021 
-0.6978504947933157     0.07375597473770516 
-0.620526182989243     0.08075589522941976 
-0.53662414814202     0.0868997872010826 
-0.4470337695380893     0.09212252223778561 
-0.3527047255308781     0.09636873717464393 
-0.2546369261678898     0.09959342058679495 
-0.1538699136085836     0.1017623897484051 
-0.05147184255531771     0.1028526528935585 
0.05147184255531771     0.1028526528935585 
0.1538699136085836     0.1017623897484051 
0.2546369261678898     0.09959342058679495 
0.3527047255308781     0.09636873717464393 
0.4470337695380893     0.09212252223778561 
0.53662414814202     0.0868997872010826 
0.620526182989243     0.08075589522941976 
0.6978504947933157     0.07375597473770516 
0.7677774321048262     0.06597422988218021 
0.8295657623827684     0.05749315621761895 
0.8825605357920527     0.04840267283059343 
0.9262000474292743     0.03879919256962638 
0.9600218649683077     0.02878470788332221 
0.9836681232797471     0.01846646831109244 
0.9968934840746495     0.007968192496170669 
